4294967294,909
4294967294,316
45,6
45,5
45,4
45,3
45,2
45,1
45,0
44,4
44,3
44,2
44,1
44,0
43,4
43,3
43,2
43,1
43,0
42,4
42,3
42,2
42,1
42,0
41,4
41,3
41,2
41,1
41,0
40,5
40,4
40,3
40,2
40,1
40,0
39,5
39,4
39,3
39,2
39,1
39,0
4294967278,376
4294967278,375
4294967279,566
4294967278,374
4294967278,373
4294967279,565
4294967278,372
4294967279,564
4294967278,371
4294967278,370
4294967279,563
4294967279,562
4294967279,561
4294967278,369
4294967279,560
38,5
38,4
38,3
38,2
38,1
38,0
4294967279,559
4294967278,368
4294967278,367
37,6
37,5
37,4
37,3
37,2
37,1
37,0
36,4
36,3
36,2
36,1
36,0
4294967278,366
35,4
35,3
35,2
35,1
35,0
4294967279,558
34,4
34,3
34,2
34,1
34,0
33,4
33,3
33,2
33,1
33,0
4294967278,365
4294967279,557
4294967278,364
32,5
32,4
32,3
32,2
32,1
32,0
4294967278,363
4294967279,556
4294967278,362
4294967278,361
31,5
31,4
31,3
31,2
31,1
31,0
4294967279,555
4294967278,360
4294967279,554
4294967278,359
4294967279,553
4294967278,358
4294967278,357
4294967279,552
4294967279,551
4294967278,356
4294967279,550
4294967279,549
4294967278,355
4294967278,354
4294967278,353
4294967279,548
4294967278,352
4294967279,547
4294967278,351
4294967278,350
4294967279,546
30,6
30,5
30,4
30,3
30,2
30,1
30,0
28,9
28,8
28,7
28,6
28,5
26,7
26,6
26,5
4294967279,545
4294967278,349
4294967278,348
4294967279,544
4294967278,347
4294967278,346
4294967279,543
4294967279,542
29,6
4294967278,345
4294967278,344
4294967279,541
29,5
29,4
29,3
29,2
29,1
29,0
4294967278,343
28,4
28,3
28,2
28,1
28,0
4294967279,540
27,4
27,3
27,2
27,1
27,0
26,4
26,3
26,2
26,1
26,0
4294967279,539
4294967279,538
25,4
25,3
25,2
25,1
25,0
4294967278,342
4294967278,341
24,5
24,4
24,3
24,2
24,1
24,0
4294967279,537
23,5
23,4
23,3
23,2
23,1
23,0
4294967278,340
4294967279,536
4294967278,339
4294967278,338
4294967278,337
4294967279,535
4294967279,534
4294967279,533
4294967278,336
4294967279,532
4294967278,335
4294967279,531
4294967278,334
4294967278,333
4294967279,530
4294967279,529
4294967279,528
4294967279,527
4294967278,332
4294967278,331
4294967278,330
22,6
22,5
22,4
22,3
22,2
22,1
22,0
20,9
20,8
20,7
20,6
20,5
18,7
18,6
18,5
4294967278,329
4294967279,526
4294967278,328
4294967279,525
4294967294,468
4294967278,327
4294967279,524
4294967279,523
21,6
4294967279,522
4294967294,935
4294967278,326
4294967279,521
4294967278,325
4294967279,516
21,5
21,4
21,3
21,2
21,1
21,0
20,4
20,3
20,2
20,1
20,0
19,4
19,3
19,2
19,1
19,0
4294967278,324
18,4
18,3
18,2
18,1
18,0
4294967279,520
17,4
17,3
17,2
17,1
17,0
4294967278,323
4294967279,519
4294967278,322
16,5
16,4
16,3
16,2
16,1
16,0
4294967279,518
4294967278,321
15,5
15,4
15,3
15,2
15,1
15,0
4294967279,517
4294967293,131
4294967293,130
4294967293,129
4294967293,128
4294967293,127
4294967293,126
4294967293,125
4294967293,124
4294967293,123
4294967293,122
4294967293,121
4294967293,120
4294967293,119
4294967293,118
4294967293,117
4294967293,116
4294967293,115
4294967293,114
4294967293,113
4294967293,112
4294967293,111
4294967293,110
4294967293,109
4294967293,108
4294967293,107
4294967293,106
4294967293,105
4294967293,104
4294967293,103
4294967293,102
4294967293,101
4294967293,100
4294967293,99
4294967293,98
4294967293,97
4294967293,96
4294967293,95
4294967293,94
4294967293,93
